94
88
90
92
78
82
80
84
78
82
80
84
78
82
80
84
110
111
102
103
190
191
39
33
35
37
192
197
193
198
190
191
39
33
35
37
192
197
194
199
32
88
34
90
36
92
38
94
195
200
196
201
85
110
111
102
103
127
128
129
162
170
100
98
91
163
171
165
173
96
105
107
106
110
111
114
79
116
115
114
79
116
115
114
79
116
115
114
112
166
174
168
176
132
133
83
134
135
83
83
83
132
133
83
134
135
83
83
83
132
133
83
134
135
83
83
83
136
137
138
139
81
138
139
81
138
139
81
118
140
141
81
140
141
81
140
141
81
120
142
143
81
142
143
81
142
143
81
124
144
145
81
144
145
81
144
145
81
122
146
147
83
126
148
149
125
169
177
94
88
90
92
78
82
80
84
78
82
80
84
78
82
80
84
110
111
102
103
110
111
102
103
127
128
129
27
178
184
180
186
80
26
82
84
181
187
182
188
77
25
81
27
83
29
183
189
24
94
88
90
92
78
82
80
84
78
82
80
84
78
82
80
84
110
111
102
103
110
111
102
103
127
128
129
150
156
100
98
91
151
157
153
159
96
105
107
106
110
111
114
79
116
115
114
79
116
115
114
79
116
115
114
112
154
160
23
155
161
22
130
131
77
25
81
27
83
29
130
131
77
25
81
27
83
29
130
131
77
25
81
27
83
29
